1.000013 526.311096
1.052646 577.032715
1.108048 568.948547
1.166366 575.651855
1.227754 555.308350
1.292373 559.518738
1.360392 554.223145
1.431992 546.817932
1.507360 545.573120
1.586695 548.448669
1.670205 549.602661
1.758110 550.867371
1.850642 542.680176
1.948045 540.291138
2.050573 550.293335
2.158498 539.621704
2.272104 549.942566
2.391688 552.626770
2.517566 542.486084
2.650070 537.490906
2.789547 533.733582
2.936365 533.093567
3.090911 545.665710
3.253590 535.264526
3.424832 541.325134
3.605086 550.116455
3.794828 556.786560
3.994555 565.862610
4.204795 569.287598
4.426100 576.754822
4.659053 564.303223
4.904266 563.346741
5.162385 572.417786
5.434090 582.418396
5.720095 572.919861
6.021152 561.199341
6.338055 575.131592
6.671637 593.596741
7.022776 576.248413
7.392395 571.229919
7.781469 583.529358
8.191020 594.562988
8.622126 600.244019
9.075922 601.783142
9.553602 602.742126
10.056423 613.947876
10.585709 613.763123
11.142852 619.875427
11.729318 634.327576
12.346650 641.270447
12.996473 638.451599
13.680498 655.938171
14.400525 647.988770
15.158447 661.922058
15.956260 669.040283
16.796062 660.433655
17.680067 684.128052
18.610596 707.008972
19.590101 734.373047
20.621159 718.755676
21.706484 753.178955
22.848930 770.014893
24.051506 783.857056
25.317373 805.681580
26.649868 851.078247
28.052492 871.287598
29.528938 947.461304
31.083094 965.284180
32.719048 1040.971313
34.441101 1060.663208
36.253792 1152.483643
38.161884 1192.361450
40.170406 1274.750244
42.284637 1377.741455
44.510143 1592.814697
46.852783 1720.674683
49.318718 1939.227905
51.914440 2307.294678
54.646782 2733.287598
57.522926 3330.347656
60.550449 5218.305176
63.737316 8719.114258
67.091911 15061.038086
70.623062 28608.845703
74.340065 29805.167969
78.252701 30465.611328
82.371262 30825.191406
86.706596 31660.310547
91.270103 31276.128906
96.073792 33297.656250
101.130302 34540.625000
106.452950 35087.269531
112.055740 36066.921875
117.953407 34457.812500
124.161484 34260.621094
130.696304 37772.621094
137.575058 38110.007812
144.815842 42519.398438
152.437729 44089.234375
160.460770 44347.003906
168.906067 48343.695312
177.795868 50061.109375
187.153549 51492.328125
197.003723 49017.691406
207.372345 54052.984375
218.286682 55371.304688
229.775452 55533.964844
241.868896 50800.476562
254.598846 55083.996094
267.998779 59684.527344
282.103973 58344.117188
296.951569 61251.652344
312.580597 59657.726562
329.032196 60977.335938
346.349670 55363.820312
364.578613 55820.292969
383.766968 60916.875000
403.965210 59631.667969
425.226532 58733.839844
447.606903 59320.765625
471.165131 61751.847656
495.963318 61758.828125
522.066650 61669.718750
549.543823 62264.222656
578.467224 62134.351562
608.912842 62527.191406
640.960876 57718.593750
674.695679 59923.925781
710.205933 58046.457031
747.585205 61005.335938
786.931824 59247.117188
828.349304 60638.062500
871.946594 63587.671875
917.838562 62855.023438
966.145813 63640.367188
1016.995605 63918.437500
1070.521729 63797.312500
1126.864990 63866.945312
1186.173584 64114.371094
1248.603760 64345.183594
1314.319824 64144.492188
1383.494507 64706.890625
1456.310059 64642.214844
1532.957886 64542.050781
1613.639893 65134.769531
1698.568359 65241.976562
1787.966675 65455.707031
1882.070190 65552.609375
1981.126465 65605.101562
2085.396240 66099.164062
2195.154053 66198.875000
2310.688477 66487.210938
2432.303711 66703.757812
2560.319580 66880.750000
2695.073242 63604.953125
2836.919189 67453.476562
2986.230713 66692.898438
3143.400879 65025.335938
3308.843018 68213.609375
3482.992676 68904.992188
3666.307861 69041.468750
3859.271484 69263.289062
4062.391113 69900.593750
4276.201172 64225.792969
4501.264160 66080.500000
4738.172852 68536.054688
4987.550781 71442.898438
5250.053223 71636.570312
5526.372070 72040.804688
5817.233398 72156.078125
6123.403809 72341.929688
6445.687988 72937.718750
6784.935059 67982.460938
7142.036621 70194.078125
7517.933105 72325.960938
7913.614258 73329.453125
8330.120117 68649.960938
8768.547852 69982.203125
9230.049805 72907.429688
9715.841797 73520.304688
10227.202148 68178.601562
1.000013 523.500610
1.052646 572.687805
1.108048 562.401978
1.166366 547.194153
1.227754 548.237915
1.292373 541.600220
1.360392 540.733093
1.431992 524.669189
1.507360 535.661621
1.586695 534.001648
1.670205 529.640991
1.758110 531.363831
1.850642 521.296875
1.948045 526.278625
2.050573 529.536621
2.158498 521.035767
2.272104 528.971130
2.391688 530.016541
2.517566 554.876770
2.650070 561.288086
2.789547 560.561951
2.936365 559.262085
3.090911 570.943909
3.253590 569.655029
3.424832 584.833313
3.605086 579.959656
3.794828 588.156860
3.994555 580.428040
4.204795 575.773254
4.426100 592.138428
4.659053 601.020447
4.904266 598.497009
5.162385 608.287720
5.434090 619.157349
5.720095 614.505371
6.021152 615.597412
6.338055 622.993103
6.671637 621.838806
7.022776 610.797119
7.392395 616.374573
7.781469 621.251892
8.191020 607.478394
8.622126 616.487488
9.075922 611.030701
9.553602 627.552246
10.056423 634.463318
10.585709 629.801636
11.142852 639.342285
11.729318 650.304443
12.346650 642.220520
12.996473 659.411682
13.680498 658.143616
14.400525 686.874939
15.158447 683.561279
15.956260 688.147461
16.796062 718.420166
17.680067 711.321350
18.610596 719.427429
19.590101 750.798523
20.621159 759.488831
21.706484 757.462524
22.848930 758.309509
24.051506 782.220276
25.317373 823.782288
26.649868 840.520630
28.052492 878.453735
29.528938 934.137512
31.083094 930.013245
32.719048 941.357056
34.441101 1044.257690
36.253792 1118.136841
38.161884 1171.564941
40.170406 1267.347290
42.284637 1348.044312
44.510143 1535.547974
46.852783 1688.936890
49.318718 1905.412476
51.914440 2244.516846
54.646782 2795.174561
57.522926 3287.042480
60.550449 4475.125000
63.737316 7686.954102
67.091911 16264.725586
70.623062 27612.552734
74.340065 27757.730469
78.252701 29642.673828
82.371262 30099.203125
86.706596 30594.371094
91.270103 30255.390625
96.073792 31153.619141
101.130302 31262.402344
106.452950 31401.210938
112.055740 34613.839844
117.953407 33149.441406
124.161484 32576.882812
130.696304 35749.250000
137.575058 37107.613281
144.815842 39616.027344
152.437729 41942.859375
160.460770 43355.386719
168.906067 43686.007812
177.795868 46459.664062
187.153549 48421.320312
197.003723 46711.777344
207.372345 50152.542969
218.286682 51742.214844
229.775452 53559.988281
241.868896 51598.273438
254.598846 55082.144531
267.998779 54387.925781
282.103973 58281.851562
296.951569 58579.140625
312.580597 58950.800781
329.032196 50033.082031
346.349670 54518.230469
364.578613 60246.367188
383.766968 58857.621094
403.965210 61129.765625
425.226532 58613.371094
447.606903 59631.667969
471.165131 59817.453125
495.963318 61244.781250
522.066650 60682.230469
549.543823 60791.808594
578.467224 61128.246094
608.912842 60221.273438
640.960876 61331.902344
674.695679 61533.839844
710.205933 61834.191406
747.585205 57372.304688
786.931824 61202.078125
828.349304 61163.238281
871.946594 62236.628906
917.838562 62000.328125
966.145813 61925.339844
1016.995605 60959.183594
1070.521729 62253.183594
1126.864990 59842.214844
1186.173584 63424.390625
1248.603760 62511.289062
1314.319824 63984.171875
1383.494507 63139.234375
1456.310059 63991.667969
1532.957886 64267.781250
1613.639893 64329.183594
1698.568359 65050.292969
1787.966675 64931.703125
1882.070190 65711.226562
1981.126465 60091.691406
2085.396240 64497.164062
2195.154053 65903.304688
2310.688477 67121.867188
2432.303711 67159.468750
2560.319580 68201.304688
2695.073242 66077.835938
2836.919189 67087.054688
2986.230713 68535.093750
3143.400879 70424.390625
3308.843018 70517.343750
3482.992676 71098.765625
3666.307861 70888.562500
3859.271484 72627.335938
4062.391113 72702.531250
4276.201172 73266.054688
4501.264160 71172.890625
4738.172852 67916.703125
4987.550781 71158.468750
5250.053223 75079.046875
5526.372070 75847.171875
5817.233398 73247.500000
6123.403809 76241.296875
6445.687988 75013.734375
6784.935059 76471.414062
7142.036621 76283.890625
7517.933105 77051.625000
7913.614258 76952.703125
8330.120117 77296.390625
8768.547852 77431.554688
9230.049805 76773.609375
9715.841797 77818.945312
10227.202148 77641.929688
1.000013 0.090270
1.052646 0.097533
1.108048 0.096043
1.166366 0.095033
1.227754 0.091725
1.292373 0.090840
1.360392 0.089985
1.431992 0.090554
1.507360 0.088422
1.586695 0.086760
1.670205 0.086761
1.758110 0.085738
1.850642 0.081165
1.948045 0.080546
2.050573 0.083375
2.158498 0.083765
2.272104 0.083088
2.391688 0.082642
2.517566 0.081115
2.650070 0.081406
2.789547 0.081297
2.936365 0.080531
3.090911 0.080633
3.253590 0.079672
3.424832 0.080998
3.605086 0.080050
3.794828 0.080559
3.994555 0.081516
4.204795 0.080598
4.426100 0.083340
4.659053 0.082206
4.904266 0.084196
5.162385 0.082628
5.434090 0.084324
5.720095 0.086939
6.021152 0.086875
6.338055 0.085654
6.671637 0.087289
7.022776 0.087354
7.392395 0.090188
7.781469 0.090273
8.191020 0.088656
8.622126 0.090236
9.075922 0.090157
9.553602 0.090049
10.056423 0.088842
10.585709 0.090692
11.142852 0.093101
11.729318 0.093854
12.346650 0.095773
12.996473 0.095765
13.680498 0.097283
14.400525 0.096924
15.158447 0.098566
15.956260 0.101383
16.796062 0.101621
17.680067 0.103340
18.610596 0.107085
19.590101 0.109733
20.621159 0.114068
21.706484 0.117878
22.848930 0.117111
24.051506 0.124134
25.317373 0.125769
26.649868 0.128122
28.052492 0.132123
29.528938 0.141569
31.083094 0.142658
32.719048 0.154892
34.441101 0.164959
36.253792 0.169152
38.161884 0.186207
40.170406 0.192624
42.284637 0.213614
44.510143 0.240925
46.852783 0.257760
49.318718 0.294966
51.914440 0.360140
54.646782 0.451013
57.522926 0.586689
60.550449 0.876538
63.737316 1.886403
67.091911 7.498799
70.623062 99.797287
74.340065 208.809128
78.252701 210.803696
82.371262 211.360641
86.706596 211.500336
91.270103 213.832275
96.073792 214.477219
101.130302 214.693054
106.452950 214.621063
112.055740 214.765106
117.953407 215.343201
124.161484 215.198380
130.696304 215.053757
137.575058 215.560791
144.815842 216.362411
152.437729 216.435577
160.460770 121.258049
168.906067 214.693054
177.795868 216.949158
187.153549 212.553970
197.003723 215.706100
207.372345 214.190094
218.286682 217.539093
229.775452 217.835266
241.868896 218.281036
254.598846 205.920212
267.998779 167.583130
282.103973 171.397964
296.951569 207.657364
312.580597 170.666672
329.032196 214.333557
346.349670 215.343201
364.578613 217.613052
383.766968 214.765106
403.965210 220.309814
425.226532 220.689651
447.606903 220.689651
471.165131 221.376694
495.963318 221.529938
522.066650 221.760223
549.543823 222.145096
578.467224 222.376648
608.912842 222.918839
640.960876 223.229858
674.695679 223.307739
710.205933 223.932816
747.585205 224.561401
786.931824 153.920151
828.349304 224.798035
871.946594 226.228348
917.838562 226.228348
966.145813 226.950348
1016.995605 227.192047
1070.521729 227.758011
1126.864990 227.434250
1186.173584 168.642944
1248.603760 190.419525
1314.319824 228.489822
1383.494507 231.130371
1456.310059 231.381058
1532.957886 232.558136
1613.639893 232.896652
1698.568359 233.661926
1787.966675 234.776230
1882.070190 235.121231
1981.126465 235.727448
2085.396240 236.249542
2195.154053 235.727448
2310.688477 236.773956
2432.303711 236.949280
2560.319580 237.124863
2695.073242 238.006699
2836.919189 238.272522
2986.230713 245.681381
3143.400879 246.153839
3308.843018 246.913574
3482.992676 247.773911
3666.307861 247.869873
3859.271484 248.833588
4062.391113 250.195465
4276.201172 194.469772
4501.264160 244.835495
4738.172852 245.775726
4987.550781 245.775726
5250.053223 246.153839
5526.372070 249.707367
5817.233398 246.343338
6123.403809 247.965912
6445.687988 247.390793
6784.935059 198.019806
7142.036621 199.066879
7517.933105 200.000000
7913.614258 219.478745
8330.120117 250.391235
8768.547852 248.640244
9230.049805 257.234741
9715.841797 257.234741
10227.202148 257.441681
1.000067 2455.472656
1.250083 2287.748535
1.562604 2439.158691
1.953255 2340.121826
2.441569 2339.272705
3.051961 2324.496094
3.814952 2320.330078
4.768690 2249.059814
5.960862 2262.786621
7.451077 2279.285156
9.313847 2253.314453
11.642308 2303.378418
14.552885 2293.893066
18.191107 2253.931885
22.738884 2252.310791
28.423605 2285.935059
35.529507 2233.437256
44.411880 2224.992676
55.514851 2257.908447
69.393562 15245.670898
86.741959 24994.914062
108.427444 25491.763672
135.534302 25293.841797
169.417877 29021.156250
211.772354 31486.736328
264.715454 33412.597656
330.894318 31152.763672
413.617889 32362.390625
517.022339 30630.617188
646.277954 30183.746094
807.847412 31896.955078
1009.809265 32460.853516
1262.261597 30984.376953
1577.827026 32011.845703
1972.283691 30096.992188
2465.354736 30429.023438
3081.693359 28618.896484
3852.116699 26477.052734
4815.145996 28212.605469
6018.932129 19086.673828
7523.665527 20672.947266
9404.582031 24814.216797
1.000067 2348.846191
1.250083 2384.917725
1.562604 2298.654053
1.953255 2338.376953
2.441569 2289.410156
3.051961 2276.465820
3.814952 2283.864258
4.768690 2297.927246
5.960862 2276.244141
7.451077 2285.129639
9.313847 2292.750732
11.642308 2275.152344
14.552885 2229.801758
18.191107 2267.824463
22.738884 2328.694580
28.423605 2263.798828
35.529507 2307.739746
44.411880 2270.602783
55.514851 2259.813965
69.393562 17785.722656
86.741959 24348.380859
108.427444 24934.441406
135.534302 26500.589844
169.417877 26966.613281
211.772354 27837.083984
264.715454 32724.136719
330.894318 33005.640625
413.617889 32946.890625
517.022339 33308.285156
646.277954 32731.189453
807.847412 29540.763672
1009.809265 30324.732422
1262.261597 29635.097656
1577.827026 31904.669922
1972.283691 29269.222656
2465.354736 30799.566406
3081.693359 30362.398438
3852.116699 29175.767578
4815.145996 28071.884766
6018.932129 25998.095703
7523.665527 25012.892578
9404.582031 21974.248047
1.000013 3996.224365
1.052646 5008.343262
1.108048 4888.900879
1.166366 5031.999023
1.227754 5174.118164
1.292373 4943.156738
1.360392 5075.397461
1.431992 5305.749023
1.507360 4968.862793
1.586695 4996.392578
1.670205 4986.392090
1.758110 5056.836914
1.850642 5017.596191
1.948045 4909.661133
2.050573 5137.662109
2.158498 5043.229492
2.272104 5170.849121
2.391688 5068.963867
2.517566 5119.119141
2.650070 5201.903320
2.789547 5153.331543
2.936365 5191.173828
3.090911 5203.926758
3.253590 5288.895508
3.424832 5253.090820
3.605086 5125.248047
3.794828 5267.212402
3.994555 5435.621094
4.204795 5269.659668
4.426100 5310.121094
4.659053 5374.431641
4.904266 5421.379883
5.162385 5336.262695
5.434090 5320.869629
5.720095 5316.888672
6.021152 5213.208496
6.338055 5354.283203
6.671637 5535.428223
7.022776 5399.032227
7.392395 5570.253906
7.781469 5560.571289
8.191020 5590.204590
8.622126 5628.743164
9.075922 5597.309570
9.553602 5849.825195
10.056423 5790.935547
10.585709 5850.076172
11.142852 5966.875000
11.729318 6157.375000
12.346650 6214.055664
12.996473 6075.272949
13.680498 6473.524414
14.400525 6193.590332
15.158447 6389.190918
15.956260 6390.471191
16.796062 6718.070801
17.680067 6622.990234
18.610596 6701.209961
19.590101 7036.364746
20.621159 6963.441406
21.706484 7100.589355
22.848930 7239.008789
24.051506 7454.474609
25.317373 7794.275879
26.649868 8142.903320
28.052492 8031.701172
29.528938 8614.066406
31.083094 8742.917969
32.719048 9376.409180
34.441101 9868.868164
36.253792 10070.974609
38.161884 10799.714844
40.170406 11512.599609
42.284637 12130.540039
44.510143 12836.909180
46.852783 14573.085938
49.318718 15789.357422
51.914440 18097.427734
54.646782 21241.195312
57.522926 27046.162109
60.550449 33440.378906
63.737316 45135.441406
67.091911 64213.589844
70.623062 76887.789062
74.340065 78829.421875
78.252701 84963.312500
82.371262 92827.281250
86.706596 83196.960938
91.270103 83204.015625
96.073792 84412.664062
101.130302 89073.843750
106.452950 97187.171875
112.055740 124172.687500
117.953407 113440.796875
124.161484 122304.593750
130.696304 142108.781250
137.575058 147301.171875
144.815842 139754.796875
152.437729 147704.390625
160.460770 164653.109375
168.906067 165346.156250
177.795868 177529.375000
187.153549 173753.890625
197.003723 189206.406250
207.372345 181795.062500
218.286682 176286.515625
229.775452 194543.765625
241.868896 196608.000000
254.598846 203492.953125
267.998779 210497.906250
282.103973 215808.234375
296.951569 206418.562500
312.580597 205649.156250
329.032196 199216.359375
346.349670 207465.140625
364.578613 183301.656250
383.766968 206914.359375
403.965210 200231.812500
425.226532 203907.015625
447.606903 210823.265625
471.165131 196994.500000
495.963318 189784.125000
522.066650 170129.750000
549.543823 182172.765625
578.467224 212235.687500
608.912842 185637.015625
640.960876 187838.453125
674.695679 207254.968750
710.205933 190794.406250
747.585205 207298.718750
786.931824 204629.312500
828.349304 211104.250000
871.946594 192605.500000
917.838562 201002.281250
966.145813 206618.343750
1016.995605 207185.015625
1070.521729 192537.531250
1126.864990 212842.859375
1186.173584 191322.218750
1248.603760 194051.718750
1314.319824 203526.687500
1383.494507 189886.875000
1456.310059 172982.625000
1532.957886 196907.593750
1613.639893 199645.656250
1698.568359 207913.140625
1787.966675 199321.484375
1882.070190 176603.531250
1981.126465 201431.046875
2085.396240 191292.406250
2195.154053 172061.281250
2310.688477 175611.921875
2432.303711 182864.765625
2560.319580 168958.937500
2695.073242 171060.265625
2836.919189 159398.953125
2986.230713 157456.625000
3143.400879 181432.343750
3308.843018 214301.265625
3482.992676 200231.812500
3666.307861 198764.765625
3859.271484 179528.531250
4062.391113 196513.578125
4276.201172 185091.218750
4501.264160 179989.171875
4738.172852 176008.484375
4987.550781 164879.781250
5250.053223 173477.640625
5526.372070 161109.156250
5817.233398 143211.265625
6123.403809 142794.796875
6445.687988 131161.281250
6784.935059 140599.156250
7142.036621 121259.562500
7517.933105 108593.773438
7913.614258 126553.734375
8330.120117 127931.968750
8768.547852 123781.414062
9230.049805 111871.976562
9715.841797 115487.203125
10227.202148 108641.828125
1.000006 3680.757324
1.052638 4971.861328
1.108040 4941.520020
1.166358 5008.031738
1.227745 5023.802734
1.292364 4909.916504
1.360383 5120.187012
1.431982 4891.627930
1.507349 5061.512695
1.586683 5101.255371
1.670193 4997.704590
1.758098 4940.963379
1.850629 5064.127930
1.948031 4999.872559
2.050559 5084.489746
2.158483 5116.910645
2.272087 4981.535645
2.391671 5074.091797
2.517548 5064.138184
2.650051 4999.882812
2.789527 4963.011719
2.936344 5091.892090
3.090889 5032.102051
3.253567 5083.226562
3.424808 4901.007324
3.605061 5033.530762
3.794801 4997.684082
3.994527 5119.023438
4.204765 5161.988281
4.426069 5076.200195
4.659020 5220.491699
4.904232 5080.522949
5.162349 5395.146484
5.434052 5228.769043
5.720054 5107.474121
6.021110 5164.366699
6.338010 5282.977539
6.671589 5060.782227
7.022726 5197.977051
7.392343 5230.685059
7.781414 5366.161621
8.190962 5241.181641
8.622065 5481.231934
9.075858 5266.082520
9.553535 5506.544434
10.056353 5299.741699
10.585634 5667.247559
11.142773 5481.556152
11.729235 5641.547852
12.346562 5676.761230
12.996382 5623.515137
13.680402 5557.783203
14.400423 5696.267090
15.158340 5763.630859
15.956147 5941.914062
16.795944 5839.348633
17.679941 6094.017090
18.610464 6168.823730
19.589962 6013.769531
20.621014 6298.418457
21.706329 6200.661133
22.848768 6460.561035
24.051334 6551.519043
25.317194 6766.497559
26.649679 6859.808105
28.052294 6973.598145
29.528730 6895.034180
31.082874 7162.600098
32.718815 7388.030762
34.440857 7367.324219
36.253532 7314.830566
38.161613 7860.794922
40.170120 8367.887695
42.284336 8536.463867
44.509830 8882.827148
46.852451 9211.246094
49.318371 9549.924805
51.914074 10365.898438
54.646393 10569.367188
57.522518 11932.387695
60.550018 12589.699219
63.736862 14740.907227
67.091438 15904.323242
70.622566 17290.464844
74.339539 20087.400391
78.252144 26461.550781
82.370682 33898.164062
86.705978 42565.621094
91.269455 59536.644531
96.073112 67189.625000
101.129585 68222.085938
106.452194 71885.531250
112.054947 70895.375000
117.952576 74826.804688
124.160606 74673.187500
130.695374 77382.156250
137.574081 77361.429688
144.814819 79588.382812
152.436646 86567.554688
160.459625 84472.203125
168.904877 91488.601562
177.794601 97830.031250
187.152222 98311.875000
197.002335 105781.789062
207.370880 112872.328125
218.285141 99033.617188
229.773819 101970.445312
241.867188 129473.562500
254.597031 141535.312500
267.996887 156672.875000
282.101990 167930.390625
296.949463 187315.359375
312.578369 189842.828125
329.029877 189923.609375
346.347229 203653.296875
364.576019 229045.843750
383.764252 269840.343750
403.962341 250129.125000
425.223541 260119.984375
447.603729 260838.500000
471.161804 271812.062500
495.959808 271812.062500
522.062927 282655.125000
549.539917 287470.562500
578.463074 306720.281250
608.908508 286313.968750
640.956360 281456.187500
674.690857 305403.968750
710.200928 258558.515625
747.579956 307084.718750
786.926270 285913.875000
828.343384 282541.281250
871.940430 292644.656250
917.832031 283307.468750
966.138977 274164.437500
1016.988403 270703.156250
1070.514160 253695.937500
1126.856934 256840.921875
1186.165161 285431.875000
1248.594971 271932.468750
1314.310547 259899.687500
1383.484741 250716.609375
1456.299683 305309.000000
1532.947021 284341.000000
1613.628540 268850.468750
1698.556274 302935.687500
1787.953979 271136.656250
1882.056885 267110.093750
1981.112427 267707.156250
2085.381592 240806.468750
2195.138428 234012.531250
2310.672119 301911.250000
2432.286377 287537.906250
2560.301514 256157.593750
2695.054199 257514.406250
2836.899170 247569.062500
2986.209717 249519.015625
3143.378662 248987.625000
3308.819580 218176.703125
3482.968018 208664.156250
3666.281982 223255.656250
3859.244141 193524.015625
4062.362305 179607.328125
4276.170898 202602.937500
4501.232422 304174.250000
4738.139648 268968.281250
4987.515137 271526.468750
5250.016113 258313.687500
5526.332520 243300.203125
5817.192383 271827.093750
6123.360352 219179.781250
6445.642578 203585.750000
6784.886719 205743.937500
7141.985840 218857.406250
7517.879883 209930.937500
7913.558105 188465.671875
8330.060547 184756.921875
8768.485352 181714.343750
9229.984375 164212.593750
9715.773438 148508.500000
1.000004 3183.244385
1.052636 4595.270020
1.108038 4541.757324
1.166356 4579.447266
1.227743 4560.134766
1.292361 4543.686523
1.360380 4550.208496
1.431979 4641.390625
1.507346 4719.136230
1.586680 4521.203613
1.670189 4451.548340
1.758094 4605.674805
1.850626 4649.411133
1.948027 4697.115723
2.050555 4610.474609
2.158478 4462.252441
2.272083 4647.492188
2.391666 4652.869629
2.517543 4573.509766
2.650045 4713.351562
2.789521 4610.249512
2.936338 4895.026855
3.090883 4854.333984
3.253561 4637.528320
3.424801 4713.500977
3.605053 4640.298340
3.794793 4712.026367
3.994519 4839.301758
4.204757 4846.863770
4.426060 4700.578125
4.659010 4613.663086
4.904221 4682.048828
5.162338 4774.442383
5.434040 5053.724609
5.720042 4867.673340
6.021097 4836.427734
6.337997 4954.293945
6.671576 4934.478516
7.022711 4958.701660
7.392328 4970.220703
7.781397 4901.589355
8.190945 4903.248535
8.622047 4812.688477
9.075839 4863.348633
9.553514 5090.646484
10.056332 5046.779785
10.585612 5029.705078
11.142750 5148.856934
11.729210 4994.959473
12.346537 5158.105957
12.996354 5262.509766
13.680373 5185.817871
14.400393 5291.973633
15.158308 5502.989746
15.956114 5304.785645
16.795910 5495.740723
17.679905 5537.069824
18.610426 5477.722168
19.589922 5535.166504
20.620970 5681.727051
21.706285 5856.579102
22.848721 6172.685547
24.051285 5954.292480
25.317142 5951.687012
26.649624 6196.412109
28.052235 6373.814453
29.528667 6538.346191
31.082809 6705.089844
32.718746 6626.100098
34.440784 6820.881836
36.253460 7248.005859
38.161533 7304.015137
40.170036 7626.359375
42.284248 8016.542969
44.509735 7902.772461
46.852352 8793.426758
49.318268 9064.868164
51.913967 9352.549805
54.646278 10051.266602
57.522400 11027.433594
60.549892 11680.168945
63.736729 12929.117188
67.091293 13561.962891
70.622414 15697.038086
74.339386 18385.691406
78.251984 20350.644531
82.370506 25446.109375
86.705803 33710.589844
91.269264 42767.671875
96.072906 56569.449219
101.129379 60565.468750
106.451973 63278.496094
112.054710 60811.492188
117.952332 66380.320312
124.160347 65928.445312
130.695099 68217.351562
137.573792 64900.207031
144.814514 71152.203125
152.436325 67820.679688
160.459305 74999.382812
168.904526 75108.367188
177.794235 71815.085938
187.151825 73167.703125
197.001923 76916.695312
207.370438 86689.820312
218.284683 88735.812500
229.773346 86434.976562
241.866684 95640.617188
254.596512 91558.546875
267.996307 100250.812500
282.101379 110388.132812
296.948822 106458.343750
312.577728 116225.257812
329.029175 137968.109375
346.346497 141160.984375
364.575256 132459.796875
383.763428 167010.812500
403.961517 188422.281250
425.222656 206574.875000
447.602783 208681.890625
471.160828 184909.984375
495.958771 232219.671875
522.061829 271436.406250
549.538818 297394.750000
578.461914 329085.500000
608.907227 321017.562500
640.955017 331776.000000
674.689453 363294.218750
710.199463 278281.937500
747.578369 363724.812500
786.924622 386362.812500
828.341675 346453.468750
871.938599 321522.062500
917.830139 380789.812500
966.136963 366685.437500
1016.986267 332832.968750
1070.511841 331350.625000
1126.854614 358075.156250
1186.162720 318849.656250
1248.592407 339530.125000
1314.307739 322260.593750
1383.481812 307854.843750
1456.296631 339624.062500
1532.943848 365920.312500
1613.625122 367921.843750
1698.552734 326612.000000
1787.950317 347016.593750
1882.052979 326416.593750
1981.108398 308570.656250
2085.377197 314037.156250
2195.133789 297954.187500
2310.667236 336505.250000
2432.281250 355097.250000
2560.296143 341822.812500
2695.048584 343136.593750
2836.893311 328469.125000
2986.203369 328975.250000
3143.372070 298697.281250
3308.812744 264933.906250
3482.960693 272158.562500
3666.274414 252651.656250
3859.236084 274470.937500
4062.353760 249328.968750
4276.162109 245024.187500
4501.223145 331440.093750
4738.129395 332517.437500
4987.504883 360944.187500
5250.004883 331641.562500
5526.321289 267197.312500
5817.180176 299134.000000
6123.347656 290205.968750
6445.628906 285332.375000
6784.872559 299572.000000
7141.971191 270673.312500
7517.864258 232703.890625
7913.541504 246215.953125
8330.043945 237671.093750
8768.466797 206635.734375
9229.964844 224850.484375
9715.752930 218828.140625
