4607.938477 526.311096
4377.541504 577.032715
4158.664551 568.948547
3950.731201 575.651855
3753.194824 555.308350
3565.534912 559.518738
3387.258301 554.223145
3217.895264 546.817932
3057.000488 545.573120
2904.150635 548.448669
2758.943115 549.602661
2620.995850 550.867371
2489.946045 542.680176
2365.448730 540.291138
2247.176270 550.293335
2134.817627 539.621704
2028.076660 549.942566
1926.672852 552.626770
1830.339233 542.486084
1738.822266 537.490906
1651.881104 533.733582
1569.287109 533.093567
1490.822754 545.665710
1416.281616 535.264526
1345.467529 541.325134
1278.194092 550.116455
1214.284424 556.786560
1153.570190 565.862610
1095.891724 569.287598
1041.097046 576.754822
989.042236 564.303223
939.590149 563.346741
892.610596 572.417786
847.980103 582.418396
805.581055 572.919861
765.302002 561.199341
727.036926 575.131592
690.685059 593.596741
656.150818 576.248413
623.343262 571.229919
592.176147 583.529358
562.567322 594.562988
534.438965 600.244019
507.717010 601.783142
482.331146 602.742126
458.214600 613.947876
435.303864 613.763123
413.538666 619.875427
392.861725 634.327576
373.218658 641.270447
354.557709 638.451599
336.829834 655.938171
319.988342 647.988770
303.988922 661.922058
288.789490 669.040283
274.350006 660.433655
260.632507 684.128052
247.600876 707.008972
235.220840 734.373047
223.459793 718.755676
212.286804 753.178955
201.672470 770.014893
191.588837 783.857056
182.009399 805.681580
172.908936 851.078247
164.263489 871.287598
156.050308 947.461304
148.247787 965.284180
140.835403 1040.971313
133.793625 1060.663208
127.103951 1152.483643
120.748756 1192.361450
114.711319 1274.750244
108.975746 1377.741455
103.526962 1592.814697
98.350616 1720.674683
93.433083 1939.227905
88.761429 2307.294678
84.323357 2733.287598
80.107193 3330.347656
76.101830 5218.305176
72.296738 8719.114258
68.681900 15061.038086
65.247810 28608.845703
61.985416 29805.167969
58.886147 30465.611328
55.941837 30825.191406
53.144745 31660.310547
50.487511 31276.128906
47.963135 33297.656250
45.564976 34540.625000
43.286728 35087.269531
41.122391 36066.921875
39.066273 34457.812500
37.112957 34260.621094
35.257309 37772.621094
33.494446 38110.007812
31.819723 42519.398438
30.228737 44089.234375
28.717300 44347.003906
27.281435 48343.695312
25.917362 50061.109375
24.621494 51492.328125
23.390421 49017.691406
22.220900 54052.984375
21.109854 55371.304688
20.054361 55533.964844
19.051643 50800.476562
18.099062 55083.996094
17.194109 59684.527344
16.334402 58344.117188
15.517683 61251.652344
14.741798 59657.726562
14.004708 60977.335938
13.304473 55363.820312
12.639250 55820.292969
12.007287 60916.875000
11.406922 59631.667969
10.836576 58733.839844
10.294747 59320.765625
9.780010 61751.847656
9.291010 61758.828125
8.826459 61669.718750
8.385137 62264.222656
7.965879 62134.351562
7.567585 62527.191406
7.189206 57718.593750
6.829746 59923.925781
6.488259 58046.457031
6.163846 61005.335938
5.855653 59247.117188
5.562871 60638.062500
5.284727 63587.671875
5.020491 62855.023438
4.769466 63640.367188
4.530993 63918.437500
4.304443 63797.312500
4.089221 63866.945312
3.884760 64114.371094
3.690522 64345.183594
3.505996 64144.492188
3.330696 64706.890625
3.164161 64642.214844
3.005953 64542.050781
2.855656 65134.769531
2.712873 65241.976562
2.577229 65455.707031
2.448368 65552.609375
2.325949 65605.101562
2.209652 66099.164062
2.099169 66198.875000
1.994211 66487.210938
1.894500 66703.757812
1.799775 66880.750000
1.709787 63604.953125
1.624297 67453.476562
1.543082 66692.898438
1.465928 65025.335938
1.392632 68213.609375
1.323000 68904.992188
1.256850 69041.468750
1.194008 69263.289062
1.134307 69900.593750
1.077592 64225.792969
1.023712 66080.500000
0.972527 68536.054688
0.923900 71442.898438
0.877705 71636.570312
0.833820 72040.804688
0.792129 72156.078125
0.752523 72341.929688
0.714897 72937.718750
0.679152 67982.460938
0.645194 70194.078125
0.612934 72325.960938
0.582288 73329.453125
0.553173 68649.960938
0.525515 69982.203125
0.499239 72907.429688
0.474277 73520.304688
0.450563 68178.601562
